  990.0    119   19.0   15.9     82  11.60    190     13  293.0  326.2  295.0
  989.0    128   18.9   15.9     82  11.60    205      8  293.0  326.2  295.1
  953.0    443   16.4   15.1     92  11.45    218     21  293.6  326.4  295.6
  947.0    496   18.0   14.7     81  11.23    220     23  295.7  328.3  297.7
  939.0    568   20.2   14.2     68  10.95    223     19  298.7  330.9  300.6
  934.0    614   19.9   13.9     68  10.77    225     16  298.8  330.5  300.7
  933.0    623   19.8   13.8     68  10.74    226     15  298.8  330.4  300.7
  926.0    688   20.1   13.3     65  10.45    235     11  299.8  330.7  301.7
  925.0    697   20.2   13.2     64  10.41    235     11  300.0  330.8  301.8
  919.0    754   21.2   12.3     57   9.85    275      8  301.5  330.9  303.3
  914.0    801   22.0   11.5     51   9.41    310     11  302.9  331.1  304.6
  902.0    917   24.0    9.6     40   8.40    330     18  306.1  331.7  307.6
  888.0   1053   26.4    7.4     30   7.32    330     25  309.9  332.8  311.3
  862.0   1315   25.9    5.2     26   6.45    330     38  312.0  332.4  313.2
  858.0   1356   25.8    4.8     26   6.32    330     39  312.3  332.4  313.5
  850.0   1438   25.2    4.2     26   6.12    330     41  312.5  332.0  313.7
  775.0   2228   18.1    2.8     36   6.06    320     52  313.2  332.5  314.4
  700.0   3099   10.2    1.2     54   6.00    325     51  313.8  332.9  314.9
  639.0   3848    3.1    1.2     87   6.58    325     50  314.0  334.9  315.2
  633.0   3926    2.4    1.2     92   6.64    322     51  314.0  335.1  315.3
  601.0   4340   -0.7   -1.4     95   5.76    305     58  315.1  333.6  316.2
  551.0   5033   -5.9   -5.9    100   4.49    298     52  316.9  331.6  317.7
  550.0   5047   -5.9   -6.1     98   4.43    298     52  317.0  331.5  317.9
  534.0   5279   -6.5  -10.7     72   3.18    296     50  319.0  329.7  319.6
  530.0   5337   -6.9  -11.0     73   3.13    295     50  319.2  329.7  319.8
  500.0   5790  -10.3  -13.3     79   2.76    295     52  320.4  329.8  320.9
  485.0   6023  -12.2  -14.7     81   2.53    295     53  320.9  329.5  321.4
  478.0   6135  -13.1  -15.4     83   2.43    299     52  321.1  329.4  321.6
  469.0   6280  -11.9  -18.9     56   1.84    305     52  324.3  330.8  324.7
  462.0   6395  -12.6  -18.3     63   1.97    310     51  324.9  331.8  325.3
  457.0   6478  -13.1  -17.8     68   2.08    310     51  325.2  332.6  325.7
  453.0   6545  -13.3  -24.3     39   1.19    309     51  325.8  330.1  326.1
  449.0   6613  -13.9  -19.9     60   1.77    309     51  325.9  332.2  326.2
  424.0   7045  -17.1  -23.1     60   1.41    307     50  327.2  332.3  327.5
  415.0   7206  -17.9  -31.9     28   0.64    306     50  328.2  330.6  328.3
  404.0   7406  -18.9  -34.9     23   0.49    305     50  329.4  331.3  329.5
  400.0   7480  -19.7  -34.7     25   0.51    305     50  329.3  331.2  329.4
  357.0   8312  -27.5  -37.5     38   0.43    295     52  329.7  331.4  329.8
  301.0   9517  -36.5  -54.5     14   0.08    280     55  333.5  333.8  333.5
  300.0   9540  -36.7  -54.7     14   0.08    280     55  333.5  333.9  333.5
  296.0   9631  -37.5  -54.6     15   0.08    280     56  333.7  334.0  333.7
  253.0  10691  -46.9  -52.9     50   0.11    275     49  335.1  335.5  335.1
  250.0  10770  -47.5  -54.5     44   0.09    275     48  335.3  335.7  335.3
  245.0  10903  -48.1  -61.1     21   0.04    276     48  336.4  336.6  336.4
  223.0  11509  -52.9  -62.7     30   0.04    280     46  338.1  338.3  338.1
  200.0  12210  -58.5  -64.5     46   0.03    270     59  340.0  340.1  340.0
  194.0  12400  -60.2  -66.2     45   0.03    270     63  340.3  340.4  340.3
  190.0  12530  -61.3  -67.3     45   0.02    272     61  340.5  340.6  340.5
  182.0  12797  -62.5  -67.5     51   0.02    276     58  342.7  342.9  342.8
  177.0  12969  -61.3  -74.3     16   0.01    279     56  347.4  347.5  347.4
  165.0  13400  -64.7  -74.3     26   0.01    285     51  348.8  348.8  348.8
  163.0  13475  -65.3  -74.3     28   0.01    283     50  349.0  349.1  349.0
  154.0  13820  -66.1  -77.1     20   0.01    274     45  353.4  353.4  353.4
  150.0  13980  -66.1  -78.1     17   0.01    270     43  356.0  356.1  356.0
  149.0  14020  -66.3  -78.2     18   0.01    275     42  356.3  356.3  356.3
  144.0  14226  -67.5  -78.5     20   0.01    275     48  357.8  357.8  357.8
  141.0  14354  -63.9  -83.9      5   0.00    285     49  366.2  366.2  366.2
  138.0  14484  -64.7  -83.9      6   0.00    295     50  367.1  367.1  367.1
  127.0  14986  -67.8  -84.1      8   0.00    290     61  370.3  370.3  370.3
  126.0  15034  -68.1  -84.1      9   0.00    288     59  370.6  370.6  370.6
  120.0  15330  -64.9  -85.0      5   0.00    275     50  381.6  381.6  381.6
  116.0  15536  -62.7  -85.7      3   0.00    292     42  389.4  389.5  389.4
  112.0  15750  -63.6  -86.1      3   0.00    310     33  391.7  391.7  391.7
  100.0  16440  -66.5  -87.5      4   0.00    305     39  399.0  399.0  399.0
   95.5  16718  -68.3  -88.3      4   0.00    310     44  400.7  400.8  400.7
   93.1  16872  -64.5  -87.5      3   0.00    310     50  411.1  411.2  411.1
   92.0  16944  -64.9  -87.9      3   0.00    310     53  411.8  411.8  411.8
   89.8  17092  -65.7  -88.7      3   0.00    296     45  413.0  413.0  413.0
   88.0  17216  -64.2  -88.4      2   0.00    285     39  418.5  418.5  418.5
   85.0  17429  -61.5  -88.0      2   0.00    295     32  428.0  428.0  428.0
   84.3  17480  -60.9  -87.9      2   0.00    305     30  430.3  430.3  430.3
   83.0  17576  -61.4  -88.0      2   0.00    325     27  431.2  431.2  431.2
   82.0  17650  -61.8  -88.1      2   0.00    335     28  431.9  431.9  431.9
   79.0  17879  -63.0  -88.4      2   0.00    340     31  434.0  434.1  434.0
   73.0  18364  -65.5  -89.0      3   0.00    310     37  438.6  438.6  438.6
   71.7  18474  -66.1  -89.1      3   0.00    300     33  439.6  439.6  439.6
   70.0  18620  -66.1  -89.1      3   0.00    295     23  442.6  442.6  442.6
   67.0  18889  -65.3  -89.0      2   0.00    275     11  449.9  449.9  449.9
   64.0  19171  -64.5  -88.8      2   0.00    355      1  457.6  457.6  457.6
   61.0  19467  -63.6  -88.7      2   0.00     15     10  465.8  465.9  465.9
   60.0  19568  -63.4  -88.6      2   0.00    330     14  468.7  468.7  468.7
   59.0  19672  -63.0  -88.6      2   0.00    330     12  471.6  471.7  471.6
   58.0  19777  -62.8  -88.5      2   0.00     20     13  474.6  474.6  474.6
   57.0  19884  -62.4  -88.5      2   0.00     25     15  477.7  477.7  477.7
   55.0  20104  -61.8  -88.4      2   0.00    355     11  484.1  484.1  484.1
   54.0  20217  -61.5  -88.3      2   0.00     45     10  487.4  487.4  487.4
   52.0  20449  -60.8  -88.2      2   0.00     45     17  494.2  494.2  494.2
   51.0  20568  -60.5  -88.2      2   0.00     25     12  497.8  497.8  497.8
   50.0  20690  -60.1  -88.1      1   0.00     30      9  501.4  501.4  501.4
   49.0  20817  -59.6  -87.9      1   0.00     35     10  505.5  505.5  505.5
   48.0  20947  -59.1  -87.7      1   0.00     15     13  509.7  509.7  509.7
   45.0  21353  -57.5  -87.0      1   0.00     15     10  523.0  523.1  523.0
   43.2  21610  -56.5  -86.5      1   0.01     29      7  531.6  531.7  531.6
   39.0  22255  -58.7  -87.8      1   0.00     65      1  541.8  541.8  541.8
   38.7  22303  -58.9  -87.9      1   0.00     68      2  542.5  542.6  542.5
   37.0  22589  -58.0  -87.5      1   0.01     85     10  551.9  552.0  551.9
   33.0  23315  -55.6  -86.5      1   0.01    130     10  576.4  576.5  576.4
   32.0  23510  -55.0  -86.3      1   0.01    105     12  583.2  583.3  583.2
   31.0  23712  -54.4  -86.0      1   0.01    115     12  590.3  590.3  590.3
   30.0  23920  -53.7  -85.7      1   0.01     90     12  597.6  597.7  597.6
   28.0  24365  -53.1  -85.3      1   0.01     90     12  611.2  611.3  611.2
   27.0  24600  -52.8  -85.1      1   0.01     80     14  618.5  618.6  618.5
   25.0  25097  -52.1  -84.6      1   0.01     95     10  634.2  634.3  634.2
   24.0  25361  -51.8  -84.4      1   0.01    100     13  642.7  642.8  642.7
   22.0  25922  -51.0  -83.9      1   0.02    100     32  661.1  661.3  661.1
   21.3  26131  -50.7  -83.7      1   0.02     97     34  668.1  668.3  668.1
   21.0  26223  -51.0  -84.0      1   0.02     95     35  669.8  670.0  669.8
   20.6  26348  -51.5  -84.5      1   0.02     87     33  672.1  672.2  672.1
   20.0  26540  -50.1  -84.1      1   0.02     75     31  682.1  682.2  682.1
   19.0  26880  -48.9  -83.6      1   0.02     90     21  695.8  696.0  695.8
   17.0  27617  -46.4  -82.6      1   0.03     85     17  726.4  726.7  726.4
   16.0  28018  -45.0  -82.1      1   0.03    105     25  743.6  744.0  743.7

